1009 16 8 4
1 179 762 183 469 204 192 62 1008 830 247 826 540 805 817 947
958 146 780 722 505 934 786 375 903 279 589 270 440 930 777 444
720 34 771 688 583 389 278 806 944 906 724 655 807 338 752 849
175 424 255 950 265 999 75 224 388 490 715 68 682 872 293 546
600 7 824 802 813 828 246 959 938 712 910 267 522 41 282 810
539 281 882 92 683 916 882 951 498 351 754 674 236 106 134 539
726 899 982 213 262 7 636 806 773 557 799 870 968 553 245 488
330 171 214 890 264 728 728 776 734 393 195 926 987 89 205 21
916 201 852 77 801 788 41 457 525 655 721 385 251 91 671 662
