2147483713 16 8 4
1 903962087 373675757 234709447 1346957551 431487002 994811713 282396117 2147483712 1243521626 1773807956 1912774266 800526162 1715996711 1152672000 1865087596
1458440979 606730842 1485430520 1901245766 1970795479 509511036 1575813558 1170589522 1134922025 1847135389 1862421000 1633380441 1166901387 1421618639 2093747275 927570795
1221878971 1771377696 449840825 1280015474 475770358 832265515 206921757 297866757 13490757 1178055729 228076092 1428305516 1450411694 1094391808 17069820 1144872054
931246089 508331274 2085442933 533861021 1246635426 1038980048 316023959 942312694 1629280902 2056283804 285679482 1231916012 1033628802 1120043862 173095581 1184569927
999720469 800050886 151879840 991592530 919258660 404189104 1897319727 702206970 1045580736 583115640 2101942268 915747214 1769994956 2031196773 2059855002 1061446314
507150292 1861301018 2072023338 1471399595 609159782 514903446 2092066875 1475495769 993437104 445040863 563590120 896428987 1100867904 33445587 1029721022 2049611816
1769921647 1730332754 556253964 1768423511 1391262678 1389976152 143191340 1295507533 1479749689 120427867 2072490282 1233701483 783169701 616218682 992255047 673470771
1293641387 1193109919 1715494226 764850306 356545338 1467125356 1651724505 821621606 375691609 861742146 89460072 326346105 174501545 1918995137 1616486610 1055886210
1874036595 370568811 1110021588 385800598 88463298 955563892 1148508320 629773719 87314011 1421778897 812447002 1105648480 2139097357 2076848719 1253639644 27563874
