41 20 10 4
1 36 25 39 10 32 4 21 18 33 40 5 16 2 31 9 37 20 23 8
8 11 12 6 33 4 14 37 34 23 17 36 16 27 27 36 24 17 40 21
29 14 33 31 13 36 19 38 35 7 12 3 35 4 0 17 3 21 21 16
38 22 23 8 27 8 1 25 26 4 14 24 30 4 18 34 15 16 32 2
6 15 33 17 14 37 13 36 37 6 28 10 15 8 38 31 13 26 30 30
12 32 0 36 40 1 27 25 33 31 21 14 6 8 33 13 16 0 39 34
9 0 16 34 15 30 26 20 20 2 19 22 37 1 30 18 11 36 35 33
15 39 2 31 3 6 3 3 40 24 12 5 12 1 4 2 28 32 40 24
2 11 33 15 5 1 14 17 9 1 21 12 37 40 16 31 30 36 18 33
